-0.746857 0.343077 1.81542
-0.746857 0.343077 1.81542
-0.746857 0.343077 1.81542
-0.746857 0.343077 1.81542
-1.28799 0.621521 2.60892
-1.92174 0.682633 3.38004
-1.92174 0.682633 3.38004
-2.5667 0.681061 4.14426
-2.87633 0.985575 5.04503
-3.64476 1.07569 5.67858
-4.25542 1.24418 6.45235
-4.76508 1.39849 7.29877
-4.76508 1.39849 7.29877
-4.76508 1.39849 7.29877
-5.30503 1.67196 8.09481
-5.30503 1.67196 8.09481
-5.30503 1.67196 8.09481
-5.9385 1.9174 8.82861
-6.52828 2.03742 9.62721
-6.52828 2.03742 9.62721
-6.52828 2.03742 9.62721
-6.52828 2.03742 9.62721
-6.52828 2.03742 9.62721
-7.16119 2.38527 10.3189
-7.83314 2.68973 10.994
-7.83314 2.68973 10.994
-7.83314 2.68973 10.994
-7.83314 2.68973 10.994
-8.46487 2.95864 11.7211
-9.2392 3.19621 12.3076
-10.1192 3.37984 12.7455
-11.0891 3.54181 12.9274
-11.8996 3.87119 13.4117
-12.74 4.12998 13.8879
-13.701 4.26129 14.1315
-14.5818 4.64667 14.4065
-15.5339 4.79501 14.6738
-16.4721 4.95843 14.9791
-17.438 5.01047 15.2325
-18.3527 5.31101 15.5026
-19.2799 5.58704 15.7558
-19.2799 5.58704 15.7558
-19.2799 5.58704 15.7558
-20.2098 5.80975 16.0488
-21.1957 5.92362 16.1711
-22.1167 6.21253 16.4323
-22.9926 6.58363 16.7406
-23.9253 6.81392 17.0183
-24.8347 7.07964 17.3384
-25.7605 7.34135 17.6112
-26.6966 7.58062 17.8687
-27.5853 7.92505 18.1716
-28.5598 8.13832 18.2409
-28.5598 8.13832 18.2409
-29.4126 8.57071 18.5338
-30.2025 9.08767 18.8636
-31.0188 9.61639 19.0964
-31.7947 10.1851 19.3693
-32.608 10.7075 19.6256
-33.3383 11.3023 19.9615
-33.3383 11.3023 19.9615
-34.1854 11.8106 20.1167
-34.9052 12.4275 20.435
-35.7786 12.8726 20.6328
-36.6683 13.2925 20.8116
-37.5096 13.816 20.9468
-38.3672 14.3027 21.1129
-39.2396 14.7688 21.26
-39.2396 14.7688 21.26
-39.2396 14.7688 21.26
-40.1478 15.1591 21.4113
-40.9901 15.6618 21.6057
-41.8147 16.1808 21.8306
-42.6916 16.6319 21.9967
-43.5406 17.131 22.1705
-44.399 17.5879 22.4037
-45.2778 18.0295 22.5846
-46.1031 18.5517 22.7994
-46.9751 19.01 22.9715
-46.9751 19.01 22.9715
-47.9234 19.3273 22.9781
-48.7928 19.7963 23.1335
-49.6971 20.2038 23.2604
-50.5811 20.647 23.4092
-51.3956 21.1955 23.5985
-52.2921 21.6221 23.7176
-52.2921 21.6221 23.7176
-52.2921 21.6221 23.7176
-52.2921 21.6221 23.7176
-52.2921 21.6221 23.7176
-52.2921 21.6221 23.7176
-53.234 21.9523 23.78
-54.1417 22.3431 23.933
-54.3366 22.9066 24.7358
-55.191 23.194 24.3029
-55.191 23.194 24.3029
-55.191 23.194 24.3029
-55.191 23.194 24.3029
-55.191 23.194 24.3029
-56.111 23.4666 24.0214
-56.111 23.4666 24.0214
-56.111 23.4666 24.0214
-56.111 23.4666 24.0214
-56.6927 24.1345 24.4858
-56.6927 24.1345 24.4858
-56.6927 24.1345 24.4858
-57.1394 24.8539 25.0177
-57.892 25.4462 25.3055
-58.5165 25.6729 24.5581
-59.0431 26.0476 23.7951
-59.0431 26.0476 23.7951
-59.5659 26.4937 23.0687
-59.9946 26.7867 22.214
-60.2578 27.1625 21.3255
-60.6275 27.6101 20.5112
-61.0078 27.9741 19.661
-61.3988 28.3703 18.8303
-61.8008 28.8271 18.0367
-62.2814 29.2766 17.2837
-62.6612 29.801 16.5217
-62.9519 30.2465 15.6749
-63.2587 30.7036 14.8401
-63.5013 30.9844 13.9115
-63.871 31.6569 13.2704
-64.1079 31.9208 12.3353
-64.6688 32.438 11.689
-65.1734 32.779 10.8958
-65.5765 33.2646 10.1201
-65.9652 33.7137 9.31567
-66.1822 34.0508 8.39954
-66.4069 34.5949 7.59118
-66.5927 35.0073 6.69932
-66.8693 35.4197 5.83132
-67.0888 35.8804 4.97135
-67.4097 36.3482 4.14778
-67.4097 36.3482 4.14778
-67.7278 36.7882 3.30803
-67.8772 37.2372 2.4271
-67.8772 37.2372 2.4271
-68.0846 37.4118 1.46454
-68.2264 37.9401 0.627453
-68.3343 38.3345 -0.28514
-68.3343 38.3345 -0.28514
-68.3343 38.3345 -0.28514
-68.7047 38.8572 -1.05297
-69.0857 39.2807 -1.87487
-69.3816 39.6096 -2.77168
-69.3816 39.6096 -2.77168
-69.425 40.0079 -3.68791
-69.5603 40.4389 -4.58006
-69.765 40.8263 -5.47898
-70.0333 41.318 -6.30737
-70.3344 41.6907 -7.18512
-70.6047 42.0745 -8.06805
-70.6047 42.0745 -8.06805
-70.6047 42.0745 -8.06805
-71.1518 42.5587 -8.75086
-71.1665 42.8837 -9.69648
-71.1665 42.8837 -9.69648
-71.9298 43.5072 -9.86571
-72.2842 44.0142 -10.6514
-72.3222 44.3194 -11.6029
-72.5917 44.8454 -12.4096
-72.9792 45.3397 -13.1878
-73.3967 45.8136 -13.9631
-73.6716 46.282 -14.8028
-73.6716 46.282 -14.8028
-73.9574 46.6757 -15.6764
-74.3017 47.0318 -16.5452
-74.6637 47.3578 -17.4184
-74.9785 47.6666 -18.316
-75.3921 47.9722 -19.1736
-75.3921 47.9722 -19.1736
-75.3921 47.9722 -19.1736
-75.7974 48.3172 -20.0202
-76.1935 48.6632 -20.8707
-76.5768 49.0352 -21.7161
-76.95 49.3723 -22.5804
-77.343 49.7102 -23.4357
-77.7344 50.0181 -24.3028
-78.1152 50.3753 -25.1557
-78.4617 50.7095 -26.0322
-78.9256 51.0374 -26.8552
-79.3174 51.397 -27.702
-79.8237 51.7249 -28.4996
-80.2582 52.045 -29.3415
-80.6192 52.2976 -30.2392
-80.0718 51.58 -30.6698
-80.4234 51.9916 -31.5106
-80.4234 51.9916 -31.5106
-80.7538 52.2743 -32.4112
-80.7538 52.2743 -32.4112
-80.7538 52.2743 -32.4112
-81.0736 52.6443 -33.2834
-81.7181 53.4067 -33.2257
-82.3448 54.1839 -33.1687
-82.3448 54.1839 -33.1687
-82.3448 54.1839 -33.1687
-81.8912 53.3093 -32.9973
-81.8912 53.3093 -32.9973
-81.8912 53.3093 -32.9973
-81.8912 53.3093 -32.9973
-81.7826 53.1548 -33.9793
-81.7826 53.1548 -33.9793
-81.7826 53.1548 -33.9793
-81.7826 53.1548 -33.9793
-81.7826 53.1548 -33.9793
-81.7826 53.1548 -33.9793
-81.7826 53.1548 -33.9793
-81.7826 53.1548 -33.9793
-81.7826 53.1548 -33.9793
-82.0476 53.3572 -34.922
-82.0476 53.3572 -34.922
-82.0476 53.3572 -34.922
-82.0476 53.3572 -34.922
-82.0476 53.3572 -34.922
-82.0476 53.3572 -34.922
-82.0476 53.3572 -34.922
-82.0476 53.3572 -34.922
-82.6612 54.0296 -35.336
-83.5573 54.1601 -35.7601
-83.4013 54.2699 -36.7418
-83.4013 54.2699 -36.7418
-83.4013 54.2699 -36.7418
-83.4013 54.2699 -36.7418
-83.4013 54.2699 -36.7418
-83.4013 54.2699 -36.7418
-83.0855 54.2756 -37.6905
-82.9473 54.3688 -38.6766
-82.9473 54.3688 -38.6766
-82.9473 54.3688 -38.6766
-82.9473 54.3688 -38.6766
-82.9473 54.3688 -38.6766
-82.9473 54.3688 -38.6766
-82.9473 54.3688 -38.6766
-82.0309 54.0245 -38.8807
-81.8481 54.1506 -39.8557
-81.7613 54.2261 -40.8491
-81.6769 54.2836 -41.8438
-81.6147 54.3225 -42.8411
-81.5801 54.3415 -43.8404
-81.5577 54.3602 -44.8399
-81.6199 54.3877 -45.8376
-81.669 54.3711 -46.8363
-81.6945 54.43 -47.8342
-81.611 54.4577 -48.8303
-81.4586 54.5393 -49.8153
-81.3547 54.5611 -50.8096
