-0.483393 0.476467 1.84728
-0.483393 0.476467 1.84728
-0.483393 0.476467 1.84728
-0.483393 0.476467 1.84728
-1.02613 0.678072 2.66263
-1.02613 0.678072 2.66263
-1.02613 0.678072 2.66263
-1.59885 0.717381 3.48144
-1.59885 0.717381 3.48144
-2.43765 0.862615 4.00615
-2.93522 1.00508 4.86179
-3.33348 1.13872 5.76928
-3.88947 1.17446 6.5997
-3.88947 1.17446 6.5997
-3.88947 1.17446 6.5997
-3.88947 1.17446 6.5997
-3.88947 1.17446 6.5997
-4.328 1.11083 7.49616
-4.82295 1.05855 8.36351
-4.82295 1.05855 8.36351
-4.82295 1.05855 8.36351
-5.0936 0.906577 9.31411
-4.96101 0.343712 10.13
-5.22595 0.555771 11.0706
-5.69942 0.767448 11.9256
-5.69942 0.767448 11.9256
-5.69942 0.767448 11.9256
-5.69942 0.767448 11.9256
-6.21288 0.944582 12.7652
-6.21288 0.944582 12.7652
-6.91871 1.14403 13.445
-7.65451 1.39387 14.0744
-8.31482 1.65337 14.7791
-9.03751 1.78763 15.4571
-9.88572 1.92933 15.9675
-9.88572 1.92933 15.9675
-10.7083 2.07744 16.5166
-11.5256 2.19724 17.0802
-12.4031 2.19848 17.5597
-13.2301 2.4456 18.0646
-14.0501 2.64155 18.6025
-14.9194 2.62683 19.0964
-15.752 2.66524 19.649
-16.568 2.78057 20.2154
-17.4716 2.85385 20.6376
-18.2822 3.0045 21.2035
-19.0477 3.20473 21.8149
-19.883 3.31055 22.3545
-20.6705 3.44265 22.9565
-21.4602 3.59435 23.5509
-22.2578 3.74411 24.1352
-23.0152 3.94955 24.755
-23.9202 4.12413 25.1427
-23.9202 4.12413 25.1427
-24.7307 4.43389 25.64
-25.4426 4.78564 26.2478
-26.1669 5.17738 26.8152
-26.8494 5.56698 27.4335
-27.5833 5.93191 28.0064
-28.2271 6.34645 28.6496
-28.2271 6.34645 28.6496
-28.9714 6.8147 29.1259
-29.5635 7.23523 29.8134
-30.3633 7.49664 30.3537
-31.1294 7.95504 30.8042
-31.9177 8.36799 31.2604
-32.7166 8.73903 31.7337
-33.5298 9.10052 32.1897
-33.5298 9.10052 32.1897
-33.5298 9.10052 32.1897
-34.3822 9.38631 32.6276
-35.1588 9.75422 33.1391
-35.9016 10.1403 33.686
-36.73 10.435 34.1624
-37.4917 10.8319 34.6745
-38.2876 11.1558 35.1859
-39.154 11.4316 35.6023
-39.955 11.7821 36.0877
-40.7853 12.0845 36.5558
-40.7853 12.0845 36.5558
-41.6408 12.4102 36.9583
-42.4875 12.7659 37.3541
-43.3276 13.0419 37.821
-44.1705 13.3381 38.2702
-44.9385 13.6875 38.807
-45.8052 13.9669 39.2201
-45.8052 13.9669 39.2201
-45.8052 13.9669 39.2201
-45.8052 13.9669 39.2201
-45.8052 13.9669 39.2201
-46.7441 14.203 38.9695
-47.5834 14.491 39.4306
-48.3329 14.858 39.9815
-48.2293 15.1035 40.9454
-48.2293 15.1035 40.9454
-48.2293 15.1035 40.9454
-48.2293 15.1035 40.9454
-48.2293 15.1035 40.9454
-48.2293 15.1035 40.9454
-49.2099 15.2974 40.9716
-49.2099 15.2974 40.9716
-50.1319 15.664 41.0965
-51.0885 15.949 41.036
-51.0885 15.949 41.036
-51.4422 16.0834 41.9616
-51.4422 16.0834 41.9616
-51.4422 16.0834 41.9616
-52.2566 16.4944 42.3715
-53.111 16.6348 41.8713
-53.9323 16.8918 41.3619
-54.7463 17.0521 40.8037
-55.4867 17.3913 40.2233
-56.2172 17.7615 39.6494
-56.7869 18.1417 38.9208
-57.4421 18.5193 38.2665
-58.0962 18.8435 37.5832
-58.7599 19.2103 36.9312
-59.4523 19.5979 36.3226
-60.1554 20.0006 35.7366
-60.8134 20.4812 35.1568
-61.414 20.9181 34.4872
-61.9882 21.3428 33.7873
-62.4797 21.6214 32.9622
-63.1593 22.1639 32.4684
-63.5292 22.5016 31.6029
-64.3447 22.8744 31.1601
-65.0794 23.1606 30.5451
-65.7736 23.602 29.9766
-66.4206 24.0222 29.3403
-66.9408 24.3858 28.5675
-67.4743 24.9079 27.9021
-67.9861 25.2912 27.1332
-68.5543 25.6439 26.3897
-69.0882 26.0529 25.6497
-69.7139 26.3835 24.9432
-69.7139 26.3835 24.9432
-70.352 26.7267 24.2539
-70.8568 27.1495 23.5013
-70.8568 27.1495 23.5013
-71.2748 27.2875 22.6034
-71.763 27.7758 21.88
-72.2021 28.1569 21.0665
-72.7188 28.5138 20.2882
-73.3508 28.9447 19.6441
-74.0488 29.3457 19.0508
-74.7437 29.7006 18.4253
-75.3662 30.0201 17.7109
-75.3662 30.0201 17.7109
-75.7722 30.4549 16.9071
-76.2875 30.8896 16.1686
-76.842 31.2526 15.4197
-77.4759 31.6735 14.7708
-78.1365 31.9865 14.0884
-78.7392 32.3128 13.3602
-78.7392 32.3128 13.3602
-78.7392 32.3128 13.3602
-79.6998 32.5414 13.2021
-79.6998 32.5414 13.2021
-79.6998 32.5414 13.2021
-80.1318 33.0114 12.4324
-80.9046 33.3019 11.868
-80.9046 33.3019 11.868
-81.5929 33.6413 11.2269
-81.5929 33.6413 11.2269
-82.356 33.8861 10.6289
-83.0442 34.2107 9.98003
-83.5581 34.366 9.13632
-84.1629 34.5438 8.36004
-84.8438 34.6933 7.64312
-85.476 34.7672 6.87181
-86.2266 34.8516 6.21654
-86.2266 34.8516 6.21654
-87.0469 35.0041 5.6653
-87.0469 35.0041 5.6653
-87.7897 35.1818 5.01978
-88.4773 35.3028 4.30378
-89.1963 35.4728 3.62989
-89.8836 35.6355 2.92196
-90.5697 35.7665 2.20641
-91.2657 35.8807 1.49744
-91.9708 36.0457 0.8078
-92.6848 36.2154 0.128552
-93.4388 36.333 -0.517635
-94.1456 36.4624 -1.21315
-94.8769 36.6047 -1.8802
-95.614 36.698 -2.54947
-96.2884 36.7984 -3.28099
-95.6133 36.4504 -3.9315
-95.6133 36.4504 -3.9315
-95.6133 36.4504 -3.9315
-95.6133 36.4504 -3.9315
-96.1586 36.6588 -4.74342
-96.1586 36.6588 -4.74342
-96.1586 36.6588 -4.74342
-96.6862 36.6622 -5.59294
-96.6862 36.6622 -5.59294
-96.6862 36.6622 -5.59294
-96.6862 36.6622 -5.59294
-96.6862 36.6622 -5.59294
-96.6862 36.6622 -5.59294
-97.3654 37.0305 -6.22772
-97.3654 37.0305 -6.22772
-97.3654 37.0305 -6.22772
-97.3654 37.0305 -6.22772
-97.3654 37.0305 -6.22772
-97.3654 37.0305 -6.22772
-97.3654 37.0305 -6.22772
-97.3654 37.0305 -6.22772
-97.3654 37.0305 -6.22772
-97.3654 37.0305 -6.22772
-97.3654 37.0305 -6.22772
-97.3654 37.0305 -6.22772
-97.3654 37.0305 -6.22772
-97.3654 37.0305 -6.22772
-97.3654 37.0305 -6.22772
-97.3654 37.0305 -6.22772
-97.3654 37.0305 -6.22772
-97.3654 37.0305 -6.22772
-97.3654 37.0305 -6.22772
-98.045 37.3377 -6.89396
-98.9332 37.3306 -6.4346
-99.4379 37.4997 -7.28116
-99.4379 37.4997 -7.28116
-99.4379 37.4997 -7.28116
-99.9187 37.6854 -8.13814
-100.319 37.9244 -9.02276
-100.319 37.9244 -9.02276
-100.772 38.0281 -9.90827
-101.291 38.179 -10.7496
-101.291 38.179 -10.7496
-101.291 38.179 -10.7496
-101.699 38.3999 -11.6357
-101.699 38.3999 -11.6357
-101.699 38.3999 -11.6357
-101.699 38.3999 -11.6357
-102.281 38.6444 -12.411
-102.281 38.6444 -12.411
-102.889 38.7809 -13.1931
-103.491 38.9398 -13.9754
-104.016 39.1045 -14.8106
-104.63 39.2129 -15.5924
-104.63 39.2129 -15.5924
-105.268 39.3139 -16.3554
-105.909 39.358 -17.1217
-106.529 39.5016 -17.8935
-107.055 39.6346 -18.7333
-107.556 39.81 -19.5809
-108.085 39.9414 -20.4193
